126 155
00000000000000000000000101000000000000000000000000000000000000000000000000000000000000000000000000000000000000001000000000000000000000000000000000000000000
00000000000000000000010001000000000000000000000000000000000000000000000000010000000000000000000000000000000001111000000000000000000000000000000000000000000
00000000000001000000010000000000000000000000000000000000000000000000000000101000000000000000000000000000000011110000000000000000100000000000000000000000000
00000000000011110000100001000000001100000000000000000000000000000000000001000110000001100000000000000110000010010000000011000001010000000000000000000000000
00000000000110101000010000000000001100000000000000000000000000110000000001000101100001010000000000000110000011110000000000000010001100000000000000000000000
11000000001110100100010001000000000000000000000000000000000000110000000001000101110000111000000000000000000001111000110101000010001100011000000000000000000
11000000000110101000000101000000000000000000000000000000000000000000000000101011001000011100000011000000000000001001000110000010001100011000000000000000000
00000000000011110000000000000000000000000000000000000000000000000000000000010000110000111000000011000000000000000000100000000001010000000000000000000000000
00000000000001000000000000000000000000000000000000000000000000000000000000000000000001010000000000000000001100000000100100000000100000000000000000000000000
00000000000000000000000000000000000000000000000000000000000000000000000000000000000001100000000000000000001000000000000000000000000000000000000000000000000
00000000000000000000000011000000001100000000000000000001100000000000000000000000000000000000000000010000101000000000000000000000000000000000000000000000000
00000110000000000000000011000000000100000000000000000001000000000000000010000000000000000000000000101000110000000000000000000000000000000000000000000000000
00001010000000000000000000000000000101000000010000000101000000000000000010100000011000000000000000110100000001000000000000000000000000000000000000000000000
00011100000000000000000000000000000011000000011110000110000000000000000011000000010100000000000000110110000010000000000000000000000000000000000000000000000
00011000000000000000000000000000000000000000001111000000000000000000000000000000000010000000000000110100000011100000000000000000000000000000000000000000000
00011000000000000011000000000000000000000000001001000000000000000000000000000000010010000000000000101000000000000000000000000000000000000000000000000000000
00001010000000000101000000000001000000100000001111000000100000000000000000000000000010000000010000010000000000000000000000000000000000000000000000000000000
00000100000000000001000000000000100000011000011110000000111000000000000000110000010100000001010000000000000000000000000000100000000000000000000000110000000
00000000000000000000000000000011100000110000010000000000000100000100000001010000011000000000110000000000000000000000010000111100000000000000000000100000000
00000000000000000000000000000000000000000000000000000000001100001000000001000000000000000000000000000000000000000000010000011110000000100000000010100000000
00110001100000000000010000000000000000000000000000001100000000010010000011000000000000000000000000000100000000001100000000010010000001010000000011000000000
00110001100000000001110000000000000000000000000000000100000000000000000000000000000000000000000000000101000000001100000000011110000110001000000000001100000
00000000000000000010000000000000000000000000000000000101000000101000000000000000000000000000000000000110000000000000000000111100000110001000000000001100000
00001110001110000011000000000000000000000000000000000011000001000000000000000000000000000110000000000000000000000000000000100000000110001000000000000000000
00001110000010000000000000000000000000000000000000000000000000110000000001100000000000001111000000000000000000000000000000000000000001010000000000000000000
00000100000100000000000000000000000000000000000000000000000000100000000011011000000000011011000000000000000000000000000000000000000000100000000000000000000
00000000000000000000000000000000000000000000000000000000000010000000000001111000000000001100000000000000000000000000110000010100000000000000000000000000000
00000000000000000000000000000000000000000000000000000000000111000000000000110000000000000000000000000000000000000000100000011000000000000000000000000000000
00000000000000000000000000000000000000000000000000000000000000000000000000000000000000000000000000000000000001000010100000001000000000000000000000000000000
00000000000001100011000000000000000000000000000000000000000000000000000000000000000000000000000011001100000011110111000000000000000000000000000000000000000
00000000000000001000000000000000000000000000000000000000000000000000000000000000000000000001010010111100000110101100000000000000000000000000000000000000000
00000011100001000001001100000000000000000000001000000100000000000000000000000000000000000100010001011000001110100100000000000000000000000000000000110101100
00000011100000110110010100000000000000000000000100000011000000000000000000000000000000000100000000000010000110101000000000000000000000000000000000000000000
00000100010000010100000100000000000000000000011100000110000000000000000000000000001100001000010000000000000011110000010000000000000000000000000000100000100
00000000000000001000000000000000000000000000000000000000000000000000000000000000001100000100000000000000000001000001100000000000000000000000000000000000000
00001100011000001000000000000000000000000000000000000000000000000000000000000000000000000100010000000000000000000000110000000000000000000000000000011011000
00000000000000000000000000000110000000000000000000000000000000000000000000000000000000000001010000000000000000000000000000000000000000000000000000000100000
00000000000000000000000000000101000000000000000000000000000000000000000000000000000000000000000000000000000000000000000000000000000000000000000110000000000
00000000000000000000000000000100000000000000000000000000000000000000000000000000000000000000000000000000000000000000000000000000000000000000000100000000000
00000000000000000010000000000000000000000000000000000000000000000000000000000000000000000000000000000000000000000000000000000000000000011000110100000000000
00000000000000000111000000000000000000000000000000000000000000000000000000000000000000000000000000000000000000000000000000000000000000100010001000000000000
00000000000000001000100000000000000000000000000000000000000000000000000000010000000000000000000000000000000010100000001100000000000001000000000000000000000
00000000000000010111010000000000000000000000000000000000000000000000000001010000000000000000000000000000000011000000001100000000000001000100100000100000000
00000000000000001111100000000000000000000000000011000000000000000000000000110000000000000000000000000000000001000000000001100000000001000001000011000011100
00000000000000000000000000000000000011100100000100010000000000000000000000000000000000000000000000000000000000000000000001110000000000100010000001100100010
00000001100000000000000000000000100010000000001000001000000000000000000000000000000000000000010000000000000000000000000001100000000000011000000000000000000
00000001100000000000000000000010100001000000001000100100000001000000100000000000000000000000011100000000000000011000001100000000010100000000000000001000001
00000000000000000000000000001100000000000000001000000000000000100000011000000000000000000000000010000000000000101000001100000000001100000000000000001100011
00000000000000000000000000001100000000000000000100010001000011100000110000000000000000000000000110000000000000100000000000000000001000000000000000000000000
00000000000000000000000000001100000000000000000011000110100000000000000000000000000000000110000000000000000001100000000000000000000000000000000000000000000
00000000000000000000000011000010100000000000000000000000100000000000000000000000000000000010000000000000000000000000000000000000000000000101000000000001000
00000000000000000000000101000000100000000000000000000000110000000000000000000000000000000010100000000000000000000000000000000000000000000110000000000010100
00000000000000000000000100000000000000000000000000000000000000000000000000000000000000000001100000000000000001001000000000000000000000000010000000000010100
00000000000000000000001100000000000000000000000000000000000000000000000000000000000000000000000000010000000010000000000000011110000000000000000000000000100
00000000000000000011000000000000000000000000000000000000000000000000000000000000000000000000000000000000000010001000000000010001000000000000000000000000100
00000000000000000011000000000000000000000000000000000000000000000000000000000000000000000000000000000000000011110000000000010000000000000000000000000100100
00000000000000000000000000000000000000000000000000000000000000000000000000000000000000000010000010100000000000000000000000001001000000000000000000000011000
00000000000000000000000000000000000000000000000000000000000000000000000000000000000000001010000001100000000000000000000000000000000001100000000011000000000
00000000000000000000000000000000000000000000000000000000000000000000000000000000000000000110000001000000000000000000000000000000000001010000000101000000000
00000000000000000000000000000000000000000000000000000000000000000000000000000000000000000000000000000000000000000000000000000001000001000000001000000110011
00000000000000000000000000000000000000000000000000000000000000000000000000000000000000000000000000000000000000000000000000000010100000000000001001001001011
00000000000000000000000000000000000000000000000000000000000000000000000000001000000100000000000000000000000000000000000110000101100000000000001000000110000
00000000000000000000000000000000000000000000000000000000000000000000000000000100000011000000000000000000000000000000000110001101100000000000000101000000000
00000000000000000000000000000000000000000000000000000000000000000000000000011100000110000000000000000000000000000000000000000101100000000000000011000000000
00000000000000000000000000000000000000000000000000000000000000000000000000000000000000000000000000000000000000000000000000000010100000000000000000000000000
00000000000000000000000000000000000000000000000000000000000000000000000000000000000000000000000000000000000000000000000000000001000000000000000000000000000
00000000000000000000000000000000000000000000000000000000000000000000000000000000000000000000000000000000000000000000000000000000000000000000000000000000000
00000000000000000000000000000000000000000000000000000000000000000000000000000000000000000000000000000000000000000000000000000000000000000000000000000000000
00000000000000000000000000000000000000000000000000000000000000000000000000000000000000000000000000000000000000010000000000000000000000000000000000000000000
00000000000000000000000000000000000000000000000000000000000000000000000000000000000000000000000000000000001000001000000000000000000000000000000000000000000
00000000000000000000000000000000000000000000000000000000000000000000000000000000000000000010100000000000110010001100000000000000000000000000000000000000000
00000000000000000000000000000000000000000000000000000000000000000000000000000000000000000010100000000000010101111000000000000000000000000000000000000000000
00000000000000000000000000000000000000000000000000000000000000000000000000000000000000000001000000000000000111110000000000000000000000000000000000000000000
00000000000000000000000000000000000000000000000000000000000000000000000000000000000000000000000000000000000011000000000000000000000000000000000000000000000
00000000000000000000000000000000000000000000000000000000000000000000000000000000000000000000000000000000000000000000000000000000000000000000000000000000000
00000000000000000000000000000000000000000000000000000000000000000000000000000000000000000000000000000000000000000000000000000000110000000000000000000000000
00000000000000000000000000000000000000000000000000000000000000000000000000000000000000000000000000000000000000000000000000000000110000000000000000000000000
00000000000000000000000000000000000000000000000000000000000000000000000000000000000000000000001000000000000000000000000000000000000000000000110000000000000
00000000000000000000000000000000000000000000000000000000000000000000000000000000000000000000011000000000000000000000000000000000000000000000110000000000000
00000000000000000000000000000000000000000000000000000000000000000000000000000000000000001000010100000000000000000000000000000000000000000000000000000000000
00000000000000000000000000000000000000000000000000000000000000000000000000000000000000001110000000000000000000000000000000000000010000000000000000000000000
00000000000000000000000000000000000000000000000000000000000000000000000000000000000000000001000000000000000000000000000000000000111000000000000000000000000
00000000000000000000000000000000000000000000000000000000000000000000000000000000000000000011000000000000000000000000000000000001000100000000000000000000000
00000000000000000000000000000000000000000000000000000000000000000000000000000000000000000000000000000000000000000000001100000010111010000000000000000000000
00000000000000000000000000000000000000000000000000000000000000000000000000000000000000000000000000000000000000000000011000000001111100000000000000000000000
00000000000000000000000000000000000000000000000000000000000000000000000000000000000000000000010000000000000000000000000100000000000000000000000000000000000
00000000000000000000000000000000000000000000000000000000000000000000000000000000000000000001101100000000000000000000000000000000000000000000000000000000000
00000000000000000000000000000000000000000000000000000000000000000000000000000000000000000000000000000000000000000000000000000000000000000000000000000000000
00000000000000000000000000000000000000000000000000000000000000000000000000000000000000000010000010000000000000000000000000000000000000000000111000000000000
00000000000000000000000000000000000000000000000000000000000000000000000000000000000000000000000000000000000000000000000000000000000000000001000100000000000
00000000000000000000000000000000000000000000000000000000000000000000000000000000000000000011010110000000000000000000000000000000000000000010000010000000000
00000000000000000000000000000000000000000000000000000000000000000000000000000000000000000000000000000000000000000000000000000000000000000001000100000000000
00000000000000000000000000000000000000000000000000000000000000000000000000000000000000000000000000000000000001000000000000000000000000000000111000000000000
00000000000000000000000000000000000000000000000000000000000000000000000000000000000000000001000000000000000011000000000000000000000000000000111000000000000
00000000000000000000000000000000000000000000000000000000000000000000000000000000000000000001001000000000000010100000000000000000000110000000000000000000000
00000000000000000000000000000000000000000000000000000000000000000000000000000000000000000001000000000000000000000000000000000000000100000000000000000000000
00000000000000000000000000000000000000000000000000000000000000000000000000000000000000000000001100000000000000000000000000000000000011100000000000000000000
00000000000000000000000000000000000000000000000000000000000000000000000000000000000000000000000100000000000000000000000000000000000000100000000000000000000
00000000000000000000000000000000000000000000000000000000000000000000000000000000000000000000010100000000000000000000000000000000000000000000001110000000000
00000000000000000000000000000000000000000000000000000000000000000000000000000000000000000000011000000000000000000000000011000000000000000100011011000000000
00000000000000000000000000000000000000000000000000000000000000000000000000000000000000000000000000000000000000000000000101000000000000011000011011000000000
00000000000000000000000000000000000000000000000000000000000000000000000000000000000000000000000000000000000000000000000001000000000000001100011111000000000
00000000000000000000000000000000000000000000000000000000000000000000000000000000000000001100011000000000000000000000000000000000000000000000110001100000000
00000000000000000000000000000000000000000000000000000000000000000000000000000000000000001000001000000000000000000000000000000000000000000000000000000000000
00000000000000000000000000000000000000000000000000000000000000000000000000000000000000000000000000000100000000000000000000000000000000000000000000000000000
00000000000000000000000000000000000000000000000000000000000000000000000000000000000000000100010000010100000000000000000000000000000000000000000000000000000
00000000000000000000000000000000000000000000000000000000000000000000000000000000000000000011100000001100000000000000000000000000000000000000000000000000000
00000000000000000000000000000000000000000000000000000000000000000000000000000000000000000000000000000000000000000000000000001000101000000000000000000000000
00000000000000000000000000000000000000000000000000000000000000000000000000000000000000000000000000000000000000000000000000011000110000000000000000000000000
00000000000000000000000000000000000000000000000000000000000000000000000000000000000000000000000000000000000000000000000000010100010000000000000001100000000
00000000000000000000000000000000000000000000000000000000000000000000000000000000000000000000000000000000000000000000000000000000000000000000000001000000000
00000000000000000000000000000000000000000000000000000000000000000000000000000000000000001100000000000000000000000000000000000000000000000000000000111000000
00000000000000000000000000000000000000000000000000000000000000000000000000000000000000000100000000000000000000000000000000000000000000000000000000001000000
00000000000000000000000000000000000000000000000000000000000000000000000000000000000000111000000000000000000000000001100000000000000010000000100000000000000
00000000000000000000000000000000000000000000000000000000000000000000000000000000000000100000000000000000011000000000100000000000000111100000101000000000000
00000000000000000000000000000000000000000000000000000000000000000000000000000000000000000000011000000000101000000000101000000011001001100000000110000000000
00000000000000000000000000000000000000000000000000000000000000000000000000000000000000000000011100000000001000000000011000000011001100000000000110000000000
00000000000000000000000000000000000000000000000000000000000000000000000000000000000000000000000110100000000000100000000000011000000000010000000110000000000
00000000000000000000000000000000000000000000000000000000000000000000000000000000000000000000000100100000000001100000000000111000000000010000101000011000000
00000000000000000000000000000000000000000000000000000000000000000000000000000000000000000000000110100000000011000110000000011000000000010000100000010100000
00000000000000000000000000000000000000000000000000000000000000000000000000000000000000110000011100000000000111000000000000000011000000000000000000000100000
00000000000000000000000000000000000000000000000000000000000000000000000000000000000001010000011000000000000011000000000000000011000000000000000000000110000
00000000000000000000000000000000000000000000000000000000000000000000000000000000000001000000000000000000000001100000110000000000000000000000000000000000000
00000000000000000000000000000000000000000000000000000000000000000000000000000000000011000000000000000000000000100000101000000000000000000000000000000000000
00000000000000000000000000000000000000000000000000000000000000000000000000000000000000000000000000000000000000000000001000000000000000000000000000000000000
00000000000000000000000000000000000000000000000000000000000000000000000000000000000000000000000000000000000000000000001100000000000000000000000000000000000
